%YAML:1.0

a: 1
b: 2
c:
   d: 3
