%YAML:1.0
---
m: !!opencv-matrix
   rows: 3
   cols: 3
   dt: i
   data: [ 1000, 0, 320, 0, 1000, 240, 0, 0, 1 ]
